#3|1|8.0|6.0|50.0|50.0|0.0|BT_WORK_PLAN|		
#4|1|12.0|6.0|50.0|50.0|0.0|BT_WORK_PLAN|			
#4|1|17.0|6.0|50.0|50.0|0.0|BT_WORK_PLAN|			
#1|3|8.0|7.0|50.0|50.0|270.0|BT_WORK_PLAN|			
#10|1|8.0|10.0|50.0|50.0|0.0|BT_WORK_PLAN|			
#3|1|8.0|14.0|50.0|50.0|0.0|BT_WORK_PLAN|			 
12.0|14.0|50.0|50.0|0.0|BT_WORK_PLAN|
14.0|14.0|50.0|50.0|0.0|BT_WORK_PLAN|
#6|1|15.0|14.0|50.0|50.0|0.0|BT_WORK_PLAN|
20.0|8.0|50.0|50.0|90.0|BT_WORK_PLAN|		
#1|2|20.0|11.0|50.0|50.0|90.0|BT_WORK_PLAN|		
#2|1|17.0|14.0|50.0|50.0|0.0|BT_PLATE|			
11.0|14.0|50.0|50.0|0.0|BT_PLANK|					
13.0|14.0|50.0|50.0|0.0|BT_PLANK|					
20.0|7.0|50.0|50.0|90.0|BT_EXTINGUISHER|	
8.0|11.0|50.0|50.0|270.0|BT_PLATE_SPAWNER|	
8.0|12.5|100.0|50.0|270.0|BT_CONVEYOR|		
11.0|6.0|50.0|50.0|0.0|BT_FOOD_SPAWNER|		
16.0|6.0|50.0|50.0|0.0|BT_HEATING_PLATE|		
20.0|13.0|50.0|50.0|90.0|BT_GARBAGE_CAN|		
20.0|9.5|100.0|50.0|90.0|BT_SINK|	