#2|1|2.0|1.0|50.0|50.0|0.0|BT_WORK_PLAN|	
5.0|1.0|50.0|50.0|0.0|BT_WORK_PLAN|	
7.0|1.0|50.0|50.0|0.0|BT_WORK_PLAN|	
#4|1|11.0|1.0|50.0|50.0|0.0|BT_WORK_PLAN|		
17.0|1.0|50.0|50.0|90.0|BT_WORK_PLAN|	
#1|2|7.0|2.0|50.0|50.0|90.0|BT_WORK_PLAN|	
#1|4|11.0|4.0|50.0|50.0|270.0|BT_WORK_PLAN|	
#2|1|2.0|7.0|50.0|50.0|180.0|BT_WORK_PLAN|		
5.0|7.0|50.0|50.0|180.0|BT_WORK_PLAN|	
7.0|7.0|50.0|50.0|180.0|BT_WORK_PLAN|	
13.0|7.0|50.0|50.0|180.0|BT_WORK_PLAN|	
#2|1|15.0|7.0|50.0|50.0|180.0|BT_WORK_PLAN|	
17.0|2.5|100.0|50.0|90.0|BT_CONVEYOR|		
15.0|1.0|50.0|50.0|0.0|BT_GARBAGE_CAN|	
4.0|7.0|50.0|50.0|180.0|BT_CHOPPING_STATION|	
6.0|7.0|50.0|50.0|180.0|BT_CHOPPING_STATION|	
17.0|4.0|50.0|50.0|90.0|BT_PLATE_SPAWNER|			<- récup assiette sale
12.0|7.0|50.0|50.0|180.0|BT_FOOD_SPAWNER|	
14.0|7.0|50.0|50.0|180.0|BT_FOOD_SPAWNER|	
4.0|1.0|50.0|50.0|0.0|BT_STOVE|	
6.0|1.0|50.0|50.0|0.0|BT_STOVE|	
1.0|4.5|100.0|50.0|270.0|BT_SINK|			