#1|8|11.0|8.0|50.0|50.0|270.0|BT_WORK_PLAN|	
#4|1|16.0|15.0|50.0|50.0|180.0|BT_WORK_PLAN|	
#1|6|25.0|9.0|50.0|50.0|90.0|BT_WORK_PLAN|	
#9|1|14.0|10.0|50.0|50.0|180.0|BT_WORK_PLAN|	
#9|1|14.0|13.0|50.0|50.0|180.0|BT_WORK_PLAN|	
#1|4|22.0|10.0|50.0|50.0|270.0|BT_WORK_PLAN|	
#1|4|13.0|10.0|50.0|50.0|270.0|BT_WORK_PLAN|	
#1|2|15.0|6.0|50.0|50.0|0.0|BT_WORK_PLAN|	
#1|2|20.0|6.0|50.0|50.0|0.0|BT_WORK_PLAN|	
#2|1|24.0|8.0|50.0|50.0|180.0|BT_WORK_PLAN|	
20.0|7.0|50.0|50.0|180.0|BT_WORK_PLAN|	
14.0|15.0|50.0|50.0|180.0|BT_WORK_PLAN|	
21.0|15.0|50.0|50.0|180.0|BT_WORK_PLAN|	
23.0|15.0|50.0|50.0|180.0|BT_WORK_PLAN|	
#3|1|12.0|7.0|50.0|50.0|0.0|BT_FOOD_SPAWNER|	
16.0|6.0|50.0|50.0|0.0|BT_PLATE_SPAWNER|		<- récup assiette sale
17.0|6.0|100.0|50.0|0.0|BT_CONVEYOR|		
21.0|7.0|100.0|50.0|0.0|BT_SINK|			
25.0|8.0|50.0|50.0|90.0|BT_GARBAGE_CAN|
13.0|15.0|50.0|50.0|180.0|BT_CHOPPING_STATION|		
15.0|15.0|50.0|50.0|180.0|BT_CHOPPING_STATION|		
20.0|15.0|50.0|50.0|180.0|BT_STOVE|
22.0|15.0|50.0|50.0|180.0|BT_STOVE|
24.0|15.0|50.0|50.0|180.0|BT_STOVE|