#2|1|10.0|7.0|50.0|50.0|0.0|BT_WORK_PLAN|	
#4|1|14.0|7.0|50.0|50.0|0.0|BT_WORK_PLAN|	
#1|3|20.0|7.0|50.0|50.0|90.0|BT_WORK_PLAN|	
#2|1|10.0|15.0|50.0|50.0|180.0|BT_WORK_PLAN|	
#2|1|15.0|15.0|50.0|50.0|180.0|BT_WORK_PLAN|	
#1|2|10.0|11.0|50.0|50.0|270.0|BT_WORK_PLAN|	
#1|3|10.0|8.0|50.0|50.0|270.0|BT_FOOD_SPAWNER|	
20.0|13.0|50.0|50.0|180.0|BT_WORK_PLAN|	
20.0|15.0|50.0|50.0|180.0|BT_WORK_PLAN|	
10.0|13.0|50.0|50.0|270.0|BT_GARBAGE_CAN|	
10.0|14.0|50.0|50.0|270.0|BT_WORK_PLAN|		
12.0|15.0|50.0|50.0|180.0|BT_CHOPPING_STATION|		
14.0|15.0|50.0|50.0|180.0|BT_CHOPPING_STATION|		
13.0|15.0|50.0|50.0|180.0|BT_WORK_PLAN|		
18.0|15.0|50.0|50.0|180.0|BT_WORK_PLAN|	
17.0|15.0|50.0|50.0|180.0|BT_STOVE|	
19.0|15.0|50.0|50.0|180.0|BT_STOVE|	
20.0|12.0|50.0|50.0|90.0|BT_PLATE_SPAWNER|		<- récup assiette sale
20.0|14.0|50.0|50.0|90.0|BT_FOOD_SPAWNER|	
20.0|10.5|100.0|50.0|90.0|BT_CONVEYOR|		
#2|1|18.0|7.0|50.0|50.0|0.0|BT_STOVE|	
12.5|7.0|100.0|50.0|0.0|BT_SINK|