#2|1|7.0|3.0|50.0|50.0|0.0|BT_WORK_PLAN|	
11.0|3.0|50.0|50.0|0.0|BT_WORK_PLAN|	
7.0|8.0|50.0|50.0|270.0|BT_WORK_PLAN|	
13.0|7.0|50.0|50.0|0.0|BT_WORK_PLAN|	
13.0|5.0|50.0|50.0|0.0|BT_WORK_PLAN|	
19.0|9.0|50.0|50.0|0.0|BT_WORK_PLAN|	
#1|3|12.0|3.0|50.0|50.0|0.0|BT_WORK_PLAN|	
#1|3|14.0|3.0|50.0|50.0|0.0|BT_WORK_PLAN|	
#1|3|19.0|3.0|50.0|50.0|0.0|BT_WORK_PLAN|	
#1|4|12.0|7.0|50.0|50.0|90.0|BT_WORK_PLAN|	
#1|3|14.0|7.0|50.0|50.0|270.0|BT_WORK_PLAN|	
#2|1|7.0|10.0|50.0|50.0|180.0|BT_WORK_PLAN|	
10.0|10.0|50.0|50.0|180.0|BT_WORK_PLAN|	
#4|1|15.0|3.0|50.0|50.0|0.0|BT_STOVE|		
#1|4|7.0|4.0|50.0|50.0|270.0|BT_FOOD_SPAWNER|		
7.0|9.0|50.0|50.0|270.0|BT_GARBAGE_CAN|			
#6|1|14.0|10.0|50.0|50.0|180.0|BT_WORK_PLAN|					
19.0|8.0|50.0|50.0|90.0|BT_PLATE_SPAWNER|			
19.0|6.5|100.0|50.0|90.0|BT_CONVEYOR|		
9.0|10.0|50.0|50.0|180.0|BT_CHOPPING_STATION|		
11.0|10.0|50.0|50.0|180.0|BT_CHOPPING_STATION|		
9.5|3.0|100.0|50.0|0.0|BT_SINK|	